78 17 25 13 69 35 10 52 71 72 9 76 87 88 46 18 33 18 83 66 93 74 21 73 48 46 4 54 63 60 
91 59 32 97 99 19 99 25 83 78 30 57 17 2 22 31 72 28 82 5 18 85 93 48 25 16 71 15 76 81 
94 41 9 64 58 42 90 37 21 44 11 13 24 11 33 42 82 18 26 70 70 62 85 29 63 22 51 57 64 82 
52 54 73 47 29 85 84 49 59 17 96 0 72 72 70 98 93 9 45 34 42 5 75 54 91 27 86 95 16 43 
42 10 55 43 3 17 4 29 20 40 37 82 53 40 3 45 26 3 92 65 22 2 92 99 88 81 87 38 84 6 
34 67 65 25 6 66 16 27 42 71 7 86 55 5 55 30 13 12 60 75 83 16 12 18 29 88 97 82 83 90 
97 69 84 71 59 21 94 55 91 13 74 83 97 9 81 5 25 2 81 92 74 60 7 87 71 80 41 65 75 24 
33 30 42 52 56 22 39 99 92 87 43 62 32 35 54 71 34 62 66 1 73 78 15 80 48 22 20 91 56 59 
99 2 44 61 12 16 16 14 32 56 1 64 84 40 31 21 55 26 49 6 66 30 66 87 79 57 21 1 14 9 
10 85 88 47 58 19 12 12 5 92 19 41 55 30 53 66 37 24 87 48 61 86 87 58 84 15 96 86 33 46 
97 14 97 44 18 3 89 34 35 81 74 91 96 4 56 42 6 84 92 17 53 49 75 81 73 41 50 65 21 14 
34 76 42 88 52 60 31 60 17 2 71 34 6 9 82 17 52 39 60 84 76 14 41 0 5 2 89 47 73 59 
32 10 17 53 84 78 62 81 60 99 56 12 70 69 1 19 22 16 25 92 47 96 1 69 49 16 14 83 21 37 
8 47 77 48 42 23 81 15 17 19 75 57 95 50 19 60 76 31 47 90 83 8 8 62 87 68 22 14 71 16 
91 38 54 94 26 25 91 54 71 81 67 31 24 52 24 2 2 52 61 74 91 24 29 36 27 66 57 54 29 29 
76 6 32 63 97 21 10 43 66 31 6 15 7 70 98 85 88 89 34 60 97 89 23 16 32 49 54 25 97 14 
54 31 29 86 43 22 40 71 59 90 14 70 41 94 95 65 98 86 81 50 1 68 90 34 95 24 67 20 30 64 
77 54 54 1 75 41 19 13 74 71 77 11 48 63 4 48 19 27 58 20 9 12 94 89 81 25 44 81 40 38 
83 11 65 52 2 58 73 88 75 30 73 89 15 48 53 38 87 55 80 80 23 98 85 25 12 97 14 18 54 14 
50 62 12 84 19 35 50 49 96 5 90 54 28 9 79 58 60 38 90 65 9 49 16 97 75 12 6 69 23 6 
32 11 33 26 86 45 21 30 78 8 73 87 37 81 39 77 81 92 94 91 79 59 3 62 32 77 66 51 29 10 
73 74 5 89 17 33 65 28 89 95 31 11 70 7 38 5 0 83 76 40 70 99 76 20 25 36 27 67 54 60 
83 46 6 32 15 54 82 36 64 43 31 76 13 17 46 68 94 30 25 0 42 33 33 65 26 34 84 9 31 7 
96 86 39 42 48 71 76 30 31 65 2 0 18 52 80 84 21 73 2 27 24 84 24 84 85 27 23 22 71 32 
60 21 57 62 2 1 59 91 83 17 87 69 0 62 96 27 62 88 67 94 82 37 5 75 93 16 81 7 4 98 
24 38 95 41 21 66 93 77 41 6 49 65 56 31 97 35 18 2 3 5 44 37 33 66 32 3 10 78 40 80 
91 12 5 26 37 89 43 25 10 55 37 33 45 24 19 92 28 31 32 16 36 92 26 87 66 27 82 8 85 52 
20 63 70 76 28 93 76 87 40 16 40 31 5 65 88 60 88 96 53 19 90 34 52 10 13 4 79 37 75 81 
99 54 37 23 54 20 95 71 37 47 10 8 22 6 20 60 66 81 22 96 79 73 87 17 27 17 56 41 94 72 
9 2 64 5 13 47 36 96 30 10 30 89 28 38 51 43 74 58 19 88 74 0 57 16 84 42 11 45 16 5 